tensor([[ 8.2634e-01, -4.3079e-01, -6.2509e-03,  1.6566e+00,  1.3136e+00,
         -1.0690e+00, -4.3194e+00,  1.0162e+00,  5.0880e-01,  8.3779e+00,
         -1.3209e+01, -1.8836e+00,  1.1619e+00,  1.6449e-02,  5.7587e-01,
          4.7045e+00],
        [ 8.3560e-01, -4.0786e-01, -4.2445e-03,  1.6640e+00,  1.3198e+00,
         -1.0717e+00, -4.3328e+00,  1.0186e+00,  4.9412e-01,  8.4004e+00,
         -1.3220e+01, -1.8845e+00,  1.1633e+00,  1.5047e-02,  5.7215e-01,
          4.7092e+00],
        [ 8.4867e-01, -3.3493e-01, -9.5924e-04,  1.6628e+00,  1.3082e+00,
         -1.0686e+00, -4.3557e+00,  1.0403e+00,  4.0576e-01,  8.4373e+00,
         -1.3233e+01, -1.9044e+00,  1.1656e+00,  1.7665e-02,  5.6590e-01,
          4.6940e+00],
        [ 7.9765e-01, -5.7949e-01, -9.0736e-03,  1.6723e+00,  1.3453e+00,
         -1.0793e+00, -4.2865e+00,  9.7075e-01,  6.9948e-01,  8.3349e+00,
         -1.3188e+01, -1.8388e+00,  1.1666e+00,  2.5668e-03,  5.6605e-01,
          4.7421e+00],
        [ 7.8603e-01, -5.1353e-01, -1.0678e-02,  1.6354e+00,  1.2897e+00,
         -1.0598e+00, -4.2785e+00,  1.0106e+00,  5.5942e-01,  8.3170e+00,
         -1.3168e+01, -1.8818e+00,  1.1653e+00,  1.5411e-02,  5.6921e-01,
          4.6849e+00],
        [ 8.3940e-01, -4.4818e-01, -5.5749e-03,  1.6752e+00,  1.3428e+00,
         -1.0791e+00, -4.3272e+00,  9.9807e-01,  5.6525e-01,  8.3898e+00,
         -1.3224e+01, -1.8641e+00,  1.1598e+00,  1.2247e-02,  5.8042e-01,
          4.7340e+00],
        [ 8.1536e-01, -5.0619e-01, -7.1543e-03,  1.6707e+00,  1.3365e+00,
         -1.0762e+00, -4.3062e+00,  9.8926e-01,  6.1499e-01,  8.3621e+00,
         -1.3204e+01, -1.8571e+00,  1.1642e+00,  7.4553e-03,  5.6961e-01,
          4.7305e+00],
        [ 8.1897e-01, -4.1018e-01, -5.2413e-03,  1.6480e+00,  1.2953e+00,
         -1.0631e+00, -4.3209e+00,  1.0303e+00,  4.6372e-01,  8.3833e+00,
         -1.3202e+01, -1.8977e+00,  1.1660e+00,  1.7179e-02,  5.6604e-01,
          4.6852e+00],
        [ 8.7321e-01, -3.7158e-01,  6.1326e-04,  1.7000e+00,  1.3660e+00,
         -1.0887e+00, -4.3714e+00,  1.0045e+00,  5.1950e-01,  8.4623e+00,
         -1.3263e+01, -1.8655e+00,  1.1625e+00,  8.7358e-03,  5.7288e-01,
          4.7523e+00],
        [ 8.3398e-01, -4.1869e-01, -3.6314e-03,  1.6691e+00,  1.3252e+00,
         -1.0736e+00, -4.3336e+00,  1.0140e+00,  5.1226e-01,  8.4044e+00,
         -1.3221e+01, -1.8795e+00,  1.1653e+00,  1.1945e-02,  5.6697e-01,
          4.7148e+00]], device='cuda:0')
----------------------------------------------------------------------------------------------------
tensor([[-5.5784e-01, -2.0325e-02,  8.4423e-02, -1.8713e+01,  3.0232e-01,
         -4.6270e+00,  3.5358e-02, -5.5759e+00],
        [-5.5316e-01, -2.1040e-02,  9.4258e-02, -1.8716e+01,  3.2153e-01,
         -4.6063e+00,  2.3560e-02, -5.6064e+00],
        [-5.5377e-01, -1.6146e-02,  1.1522e-01, -1.8758e+01,  3.5353e-01,
         -4.5733e+00, -4.7249e-03, -5.6666e+00],
        [-5.3044e-01, -2.5914e-02,  6.2649e-02, -1.8622e+01,  2.9915e-01,
         -4.5561e+00,  1.6787e-02, -5.5825e+00],
        [-5.5342e-01, -1.1380e-02,  6.6434e-02, -1.8703e+01,  2.8477e-01,
         -4.5791e+00,  8.2324e-03, -5.5793e+00],
        [-5.5609e-01, -2.9786e-02,  7.9698e-02, -1.8676e+01,  2.9621e-01,
         -4.6534e+00,  5.7172e-02, -5.5495e+00],
        [-5.6060e-01, -2.4333e-02,  6.5410e-02, -1.8659e+01,  2.8920e-01,
         -4.5761e+00, -1.9204e-03, -5.5936e+00],
        [-5.5371e-01, -1.2341e-02,  9.4944e-02, -1.8740e+01,  3.2556e-01,
         -4.5679e+00, -5.1036e-03, -5.6360e+00],
        [-5.4278e-01, -3.4346e-02,  1.0980e-01, -1.8686e+01,  3.5076e-01,
         -4.6147e+00,  3.8182e-02, -5.6235e+00],
        [-5.5298e-01, -2.0866e-02,  9.3270e-02, -1.8707e+01,  3.2760e-01,
         -4.5711e+00, -1.8850e-03, -5.6349e+00]], device='cuda:0')
----------------------------------------------------------------------------------------------------
tensor([[ 0.8621, -0.2078,  1.3579, -0.8973],
        [-0.1585,  0.2124,  0.4460, -0.2885],
        [-1.5042,  0.1086, -1.3539,  0.1174],
        [ 0.5990,  1.5056, -0.1973,  0.9564],
        [ 2.2303, -0.6487, -0.0292, -1.0307],
        [ 0.4481,  0.3519,  2.5637, -0.2756],
        [-0.0150, -0.6238, -0.3421,  1.9733],
        [ 0.1230, -0.3159, -1.1165, -0.3936],
        [-2.4459,  1.7465,  0.7387,  1.1439],
        [-0.9513,  0.0948, -0.9345,  1.0115]], device='cuda:0')
----------------------------------------------------------------------------------------------------
