tensor([[ 1.5268e+00, -2.1681e+00,  8.5325e-02,  2.9623e+00,  3.2763e+00,
         -1.6580e+00, -5.1041e+00, -2.2911e-01,  4.7109e+00,  9.7341e+00,
         -1.4414e+01, -8.5886e-01,  1.0751e+00, -2.6600e-01,  2.9307e-01,
          6.7073e+00],
        [-7.3525e-02,  1.3453e+00, -7.4563e-02,  2.4307e-01, -9.4580e-01,
         -3.3563e-01, -3.5644e+00,  2.4228e+00, -4.1606e+00,  7.1464e+00,
         -1.1926e+01, -3.1813e+00,  1.3087e+00,  3.0119e-01,  5.5540e-01,
          2.4123e+00],
        [ 2.1599e+00,  2.0432e+00,  1.0546e-01,  2.4126e+00,  2.1965e+00,
         -1.3712e+00, -5.4588e+00,  1.0122e+00, -7.1105e-01,  1.0013e+01,
         -1.4520e+01, -1.7612e+00,  9.8269e-01,  1.8184e-02,  9.4901e-01,
          5.4782e+00],
        [-9.3953e-01, -1.8100e+00, -2.0819e-01, -2.0721e-01, -1.0773e+00,
         -1.6623e-01, -2.7130e+00,  1.8996e+00, -1.4082e+00,  5.8017e+00,
         -1.1230e+01, -3.1600e+00,  1.1801e+00,  4.3270e-01,  3.8029e-01,
          2.4366e+00],
        [ 2.4364e+00,  7.5127e-01,  1.5301e-01,  3.0456e+00,  3.1799e+00,
         -1.5721e+00, -5.8801e+00,  2.8659e-01,  1.7245e+00,  1.0755e+01,
         -1.5219e+01, -1.4134e+00,  8.6644e-01, -7.4691e-02,  6.0229e-01,
          6.5057e+00],
        [ 1.1636e+00,  2.6949e-01,  3.4112e-02,  1.8085e+00,  1.4515e+00,
         -1.0573e+00, -4.6880e+00,  1.0345e+00, -3.4986e-02,  8.9151e+00,
         -1.3639e+01, -2.0594e+00,  1.0578e+00,  6.3133e-02,  5.5296e-01,
          4.8412e+00],
        [ 2.1777e+00,  1.2161e+00,  1.7652e-01,  2.9473e+00,  2.8614e+00,
         -1.6833e+00, -5.8835e+00,  7.8987e-01,  9.6299e-01,  1.0947e+01,
         -1.4743e+01, -1.2837e+00,  1.3110e+00, -2.3034e-01,  4.1432e-01,
          6.0355e+00],
        [ 1.3341e+00,  9.3595e-01,  6.4003e-02,  1.9263e+00,  1.5208e+00,
         -1.1627e+00, -4.8508e+00,  1.1647e+00, -5.3515e-01,  9.1962e+00,
         -1.3711e+01, -1.9431e+00,  1.1521e+00, -4.0164e-03,  6.2675e-01,
          4.8567e+00],
        [ 1.0465e+00,  8.3635e-01,  4.3900e-02,  1.4559e+00,  9.3279e-01,
         -8.7538e-01, -4.8406e+00,  1.5160e+00, -1.3789e+00,  9.1674e+00,
         -1.3523e+01, -2.6136e+00,  1.1124e+00,  2.2125e-01,  3.5000e-01,
          4.2616e+00],
        [-4.1867e-01, -3.2386e+00, -1.1733e-01,  9.1451e-01,  6.1394e-01,
         -8.0455e-01, -3.3245e+00,  9.3572e-01,  2.2112e+00,  6.9593e+00,
         -1.2006e+01, -2.0270e+00,  1.2948e+00,  9.8404e-02,  1.7591e-01,
          4.0866e+00]], device='cuda:0')
----------------------------------------------------------------------------------------------------
tensor([[  0.0745,   0.0775,  -1.1102, -16.3711,  -1.3063,  -4.0598,   0.5863,
          -6.5304],
        [ -1.4795,  -0.6737,   1.5733, -21.3654,   1.4193,  -3.1920,   1.2400,
          -6.5447],
        [ -1.9499,   0.9738,  -0.4531, -18.4950,   0.7529,  -6.1746,   1.7431,
          -5.0909],
        [ -0.0597,  -0.2615,  -0.9848, -20.6824,  -0.8337,  -4.3589,   0.5639,
          -5.1686],
        [ -2.1487,   0.7157,  -3.4766, -17.1191,  -0.5581,  -5.3365,   1.4790,
          -6.2216],
        [ -1.1256,  -0.6253,  -0.9407, -18.7906,  -0.1614,  -4.5824,   1.4690,
          -6.1229],
        [ -1.1371,   0.1450,   1.2021, -17.5690,   2.3582,  -3.3739,   1.3989,
          -7.2136],
        [ -0.8363,  -0.2620,   0.5748, -18.9575,   0.9385,  -4.5264,   0.8116,
          -6.1372],
        [ -0.3940,   1.7031,  -0.8100, -19.6974,   0.0241,  -4.2698,   0.9618,
          -6.9156],
        [  1.8853,   0.7258,  -0.3768, -18.6425,   0.6692,  -3.9019,   0.3302,
          -5.4836]], device='cuda:0')
----------------------------------------------------------------------------------------------------
tensor([[0.4496, 1.3844, 1.2726, 0.4614],
        [0.4496, 1.3844, 1.2726, 0.4614],
        [0.4496, 1.3844, 1.2726, 0.4614],
        [0.4496, 1.3844, 1.2726, 0.4614],
        [0.4496, 1.3844, 1.2726, 0.4614],
        [0.4496, 1.3844, 1.2726, 0.4614],
        [0.4496, 1.3844, 1.2726, 0.4614],
        [0.4496, 1.3844, 1.2726, 0.4614],
        [0.4496, 1.3844, 1.2726, 0.4614],
        [0.4496, 1.3844, 1.2726, 0.4614]], device='cuda:0')
----------------------------------------------------------------------------------------------------
