tensor([[-1.3763e+01,  9.8169e-01,  2.1937e+01, -1.8087e+01, -6.9149e+00,
         -9.3787e-01,  6.4175e+01,  3.2986e+01,  8.7345e-01,  8.6178e+00,
         -9.3992e-01, -1.3756e+00,  1.1133e+01, -1.3446e+01,  6.8169e+01,
          2.4164e+01],
        [ 6.3367e+01,  1.3435e+00,  2.4990e+00, -4.3326e+00,  9.1283e+00,
         -7.7720e+00, -3.6370e+01,  2.8484e+00, -2.4671e+00,  4.8175e-02,
          1.5077e+01, -2.1508e+01,  6.1955e-01,  2.4173e+00, -2.7898e+01,
         -2.0494e+01],
        [ 1.5967e+01,  1.3056e+00, -8.1662e+00,  9.8594e+00, -1.6905e+01,
         -9.4109e+00, -8.0080e+00, -4.4455e+01, -7.9825e-01,  3.0859e+00,
          2.8645e+01,  2.1283e+01, -8.5838e+00, -3.2714e+00, -3.6378e+01,
         -3.2771e+00],
        [-3.3076e+01,  9.9531e-01, -1.8153e+01,  3.3593e+01,  1.1283e+01,
         -1.0292e+01, -1.1122e+01, -1.8677e-01,  1.6364e+00, -4.4836e+00,
          4.5732e+01,  1.7498e+01,  1.5045e+01, -5.0348e+00, -3.8077e+01,
          2.0408e+00],
        [ 1.5256e+01,  1.9275e+00,  1.4184e+01, -6.2318e-01,  8.1303e+00,
         -1.6804e+00,  1.0374e+01, -3.9496e+01, -2.4074e-01,  5.3111e+01,
          2.8943e+00,  4.8070e+01,  5.9187e+00, -1.0692e+00, -2.9866e+00,
         -2.6077e+00],
        [ 1.6872e+01,  3.2803e+00, -1.1878e+01,  2.6581e+01, -1.4610e+01,
         -7.5594e-01, -2.7825e+01,  4.1753e+01,  8.3351e-02, -2.8230e+01,
          3.0257e+00, -2.6940e+01,  5.2532e+00,  3.2407e+00,  1.0807e+01,
         -3.4813e+01],
        [-4.1953e+01,  2.0206e+00, -5.9408e+00,  3.3181e+01,  1.4825e+01,
          2.2859e+01,  4.2761e+00,  5.3791e+01,  2.3621e-01, -1.8259e+01,
         -4.7899e+01,  1.9103e+01,  1.1294e+01, -1.6066e+00, -2.8006e-01,
          9.5164e+00],
        [ 5.3064e+01,  3.5426e+00, -1.4211e+01,  4.4304e+01, -8.9564e+00,
          1.1501e+00, -8.8825e+00,  4.9572e+00, -1.2223e+00, -3.5744e+00,
         -4.8195e+01, -2.1245e+01,  1.1272e+01, -8.5449e+00, -2.1180e+01,
         -1.2947e+01],
        [ 2.8972e+01,  9.2339e-01, -1.2405e+01,  3.4863e+01, -6.7006e+00,
         -8.6900e+00, -1.0753e+01,  1.3565e+01, -8.6729e-03, -2.1481e+01,
         -2.5991e+01, -2.6799e+01, -6.9767e+00, -8.6608e+00, -2.3664e+01,
          1.1215e+00],
        [-1.0846e+01,  5.4393e-01, -1.1729e+01, -1.7528e+01,  2.5528e+01,
         -3.3769e+00, -8.8991e+01,  7.3746e+00, -1.2887e+00,  2.2342e+00,
          4.9693e+01, -2.1519e+01, -5.2356e+00, -9.1291e+00, -3.1114e+01,
          2.6123e+01]], device='cuda:0')
----------------------------------------------------------------------------------------------------
tensor([[ -0.2979,   1.3889,  -1.0091, -18.5791,   1.3000,  -4.9360,   0.1805,
          -7.1363],
        [ -0.2979,   1.3889,  -1.0091, -18.5791,   1.3000,  -4.9360,   0.1805,
          -7.1363],
        [ -0.2979,   1.3889,  -1.0091, -18.5791,   1.3000,  -4.9360,   0.1805,
          -7.1363],
        [ -0.2979,   1.3889,  -1.0091, -18.5791,   1.3000,  -4.9360,   0.1805,
          -7.1363],
        [ -0.2979,   1.3889,  -1.0091, -18.5791,   1.3000,  -4.9360,   0.1805,
          -7.1363],
        [ -0.2979,   1.3889,  -1.0091, -18.5791,   1.3000,  -4.9360,   0.1805,
          -7.1363],
        [ -0.2979,   1.3889,  -1.0091, -18.5791,   1.3000,  -4.9360,   0.1805,
          -7.1363],
        [ -0.2979,   1.3889,  -1.0091, -18.5791,   1.3000,  -4.9360,   0.1805,
          -7.1363],
        [ -0.2979,   1.3889,  -1.0091, -18.5791,   1.3000,  -4.9360,   0.1805,
          -7.1363],
        [ -0.2979,   1.3889,  -1.0091, -18.5791,   1.3000,  -4.9360,   0.1805,
          -7.1363]], device='cuda:0')
----------------------------------------------------------------------------------------------------
tensor([[-1.3517, -0.9221, -0.3860,  0.1789],
        [-1.3517, -0.9221, -0.3860,  0.1789],
        [-1.3517, -0.9221, -0.3860,  0.1789],
        [-1.3517, -0.9221, -0.3860,  0.1789],
        [-1.3517, -0.9221, -0.3860,  0.1789],
        [-1.3517, -0.9221, -0.3860,  0.1789],
        [-1.3517, -0.9221, -0.3860,  0.1789],
        [-1.3517, -0.9221, -0.3860,  0.1789],
        [-1.3517, -0.9221, -0.3860,  0.1789],
        [-1.3517, -0.9221, -0.3860,  0.1789]], device='cuda:0')
----------------------------------------------------------------------------------------------------
